%YAML:1.0
imutopic: "/imu0"
imagetopic: "/cam0/image_raw"
Camera.delaytoimu: 0
IMU.multiplyG: 0
Camera.Tbc:
 [0.0148655429818, -0.999880929698, 0.00414029679422, -0.0216401454975,
  0.999557249008, 0.0149672133247, 0.025715529948, -0.064676986768,
  -0.0257744366974, 0.00375618835797, 0.999660727178, 0.00981073058949,
  0.0, 0.0, 0.0, 1.0]
Camera.fx: 539.6253
Camera.fy: 539.8976
Camera.cx: 323.2239
Camera.cy: 240.1582
Camera.k1: 0.0861
Camera.k2: -0.0895
Camera.p1: 0.0014
Camera.p2: 0.0026
ORBextractor.nFeatures: 1000
ORBextractor.scaleFactor: 1.2
ORBextractor.nLevels: 8
ORBextractor.iniThFAST: 20
ORBextractor.minThFAST: 7
